Mateo,3,0,1,[1, 2, 3],0,3,[8, 2, 6],2
Juan,3,1,0,[1, 2, 3],1,0,[1, 2, 3],0,3,[5, 6, 2],3
Lorena,3,0,1,[1, 2, 3],0,1,[1, 2, 3],0,1,[1, 2, 3],0,1,[1, 2, 3],0,3,[7, 2, 5],5
Andres,3,2,0,[1, 2, 3],2,0,[1, 2, 3],0,3,[5, 3, 2],3
Raul,3,1,0,[1, 2, 3],0,3,[0, 7, 1],2
Jorge,3,0,1,[3, 2, 1],1,0,[1, 2, 3],0,3,[3, 7, 5],3
Federica,3,0,0,[1, 2, 3],0,3,[9, 5, 6],2
Dario,3,0,1,[1, 2, 3],0,1,[1, 2, 3],0,3,[5, 8, 3],3
Alejo,3,0,2,[1, 2, 3],0,3,[1, 5, 3],2
ddd,3,0,1,[1, 2, 3],0,3,[6, 2, 9],2
333,3,0,1,[1, 2, 3],0,1,[1, 2, 3],0,3,[1, 6, 4],3
Lorena,4,1,0,[1, 2, 3, 4],1,0,[1, 2, 3, 1],1,0,[1, 2, 3, 4],0,4,[9, 8, 6, 2],4